a=[01221   00425   00586   01364   02031   02959   03701   03535
02809   02122   01119   00373   00638   01432   02085   03041
03732   03453   02716   02042   01048   00340   00690   01449
02116   03080   03733   03365   02631   01948   00965   00342
00781   01557   02209   03149   03741   03296   02577   01869
00896   00329   00817   01544   02276   03215   03805   03321
02668   01921   00941   00384   00889   01602   02345   03292
03808   03271   02587   01809   00818   00348   00986   01655
02381   03316   03757   03148   02485   01702   00707   00295
00948   01608   02388   03317   03711   03021   02376   01612
00665   00325   01014   01668   02471   03384   03706   03008
02359   01550   00592   00349   01100   01740   02569   03453
03732   02990   02369   01496   00542   00350   01101   01743
02623   03501   03724   03024   02352   01481   00539   00436
01218   01797   02655   03511   03612   02807   02191   01333
00443   00439   01235   01890   02741   03601   03601   02818
02225   01306   00432   00452   01214   01848   02775   03559
03509   02743   02121   01207   00376   00533   01318   01940
02860   03639   03493   02736   02089   01152   00353   00559
01348   01999   02929   03693   03516   02764   02073   01087
00338   00622   01368   02069   02975   03699   03428   02668
02004   01014   00321   00696   01431   02126   03057   03708
03352   02620   01929   00937   00289   00744   01515   02181
03133   03741   03281   02572   01873   00929   00330   00823
01560   02245   03160   03708   03207   02524   01748   00788
00233   00839   01566   02300   03279   03752   03175   02515
01790   00831   00329   00912   01583   02360   03303   03737
03133   02489   01677   00727   00298   00952   01615   02421
03351   03717   03095   02471   01656   00711   00393   01104
01776   02541   03444   03769   03113   02470   01609   00645
00317   01068   01702   02504   03441   03701   03012   02397
01501   00572   00363   01095   01718   02551   03439   03612
02863   02279   01460   00571   00487   01296   01900   02743
03615   03737   03020   02372   01453   00553   00548   01336
01957   02805   03636   03628   02880   02265   01320   00472
00504   01292   01897   02791   03628   03607   02848   02160
01160   00335   00417   01208   01851   02741   03529   03377
02633   01984   01061   00304   00513   01308   01969   02885
03660   03469   02752   02090   01105   00344   00619   01400
02077   02977   03693   03392   02641   01969   01001   00332
00689   01432   02101   03055   03713   03364   02620   01905
00943   00277   00721   01471   02175   03127   03733   03329
02652   01937   00974   00357   00837   01556   02265   03213
03809   03317   02637   01917   00940   00402   00975   01667
02420   03351   03857   03317   02615   01823   00820   00333
00961   01657   02421   03353   03765   03148   02479   01727
00760   00339   00988   01681   02470   03388   03766   03149
02516   01690   00740   00368   01088   01741   02564   03492
03842   03213   02556   01667   00681   00377   01048   01722
02520   03428   03677   02975   02343   01537   00599   00435
01193   01799   02644   03516   03672   02933   02298   01434
00532   00415   01216   01841   02684   03517   03612   02801
02184   01308   00405   00353   01148   01773   02638   03487
03509   02741   02145   01269   00415   00431   01230   01871
02776   03615   03564   02805   02165   01172   00325   00418
01157   01820   02713   03516   03392   02628   01985   01094
00284   00462   01231   01917   02852   03629   03439   02701
02057   01103   00333   00621   01412   02080   02996   03709
03417   02716   02020   01062   00324   00653   01415   02061
02999   03672   03297   02589   01896   00957   00302   00737
01496   02213   03145   03767   03416   02694   01956   00981
00377   00889   01627   02311   03247   03809   03308   02582
01885   00894   00330   00849   01563   02300   03268   03780
03188   02497   01789   00792   00331   00921   01570   02332
03245   03681   03084   02444   01706   00754   00373   01036
01694   02436   03360   03724   03089   02429   01621   00685
00322   00970   01609   02426   03394   03759   03129   02491
01625   00686   00361   01063   01734   02564   03465   03740
03031   02396   01529   00618   00411   01149   01781   02596
03489   03679   02956   02372   01500   00564   00462   01239
01869   02711   03576   03701   02969   02340   01452   00539
00456   01241   01840   02724   03580   03609   02840   02223
01320   00451   00472   01273   01892   02781   03608   03503
02737   02121   01205   00381   00469   01242   01861   02789
03601   03457   02692   02072   01088   00306   00500   01268
01872   02801   03561   03360   02584   01967   01031   00298
00556   01335   02004   02950   03700   03420   02688   02001
01006   00312   00633   01432   02125   03052   03727   03369
02673   01991   00992   00354   00749   01509   02205   03135
03776   03333   02639   01911   00924   00311   00795   01529
02231   03191   03776   03269   02574   01848   00877   00374
00893   01628   02341   03241   03821   03283   02623   01808
00816   00278   00821   01473   02279   03236   03726   03172
02512   01754   00807   00393   01021   01685   02463   03396
03784   03164   02488   01694   00725   00387   01089   01732
02518   03417   03737   03023   02402   01599   00634   00369
01137   01789   02580   03463   03717   03021   02388   01498
00556   00327   01061   01721   02573   03497   03669   02889
02293   01450   00522   00369   01103   01732   02617   03469
03593   02853   02246   01396   00493   00451   01269   01881
02727   03548   03560   02781   02181   01285   00434   00470
01236   01877   02789   03624   03591   02852   02217   01285
00445   00552   01329   01941   02842   03660   03564   02860
02170   01209   00408   00557   01335   01984   02886   03641
03437   02671   02029   01095   00360   00617   01387   02061
02991   03689   03375   02641   01980   01061   00346   00693
01470   02132   03052   03721   03400   02660   01953   00955
00308   00705   01476   02149   03097   03740   03345   02648
01941   00957   00337   00810   01529   02242   03208   03783
03327   02671   01951   00943   00385   00905   01645   02312
03202   03701   03149   02498   01750   00772   00311   00908
01589   02355   03293   03717   03124   02484   01711   00744
00293   00972   01647   02408   03337   03704   03093   02457
01652   00713   00354   01033   01695   02496   03401   03732
03095   02473   01615   00681   00342   01089   01743   02509
03431   03680   02976   02353   01500   00556   00373   01067
01713   02557   03465   03673   02980   02336   01462   00535
00362   01120   01745   02599   03512   03597   02861   02253
01348   00447   00376   01124   01772   02683   03553   03629
02916   02285   01338   00473   00516   01314   01938   02800
03637   03596   02812   02183   01256   00426   00509   01316
01917   02825   03624   03488   02723   02087   01141   00340
00525   01331   01940   02889   03665   03509   02777   02112
01156   00397   00638   01417   02021   02945   03663   03349
02620   01998   01016   00337   00668   01436   02105   03039
03713   03348   02637   01958   00973   00328   00724   01443
02167   03113   03748   03356   02644   01957   00981   00361
00785   01511   02197   03161   03741   03244   02553   01847
00869   00326   00889   01596   02328   03253   03804   03297
02596   01856   00877   00394   00983   01673   02443   03364
03828   03240   02573   01773   00801   00373   01000   01667
02432   03353   03791   03100   02441   01615   00636   00287
00986   01620   02436   03365   03709   03063   02404   01561
00620   00342   01073   01718   02521   03421   03669   02899
02289   01475   00554   00350   01116   01741   02591   03481]

b = reshape (a',1,1000)

