a=[01884   01881   01874   01913   01881   01901   01855   01933
01925   01905   01935   01911   01849   01895   01883   01913
01893   01915   01917   01941   01929   01921   01893   01915
01889   01917   01909   01915   01921   01919   01921   01917
01945   01945   01939   01941   01929   01927   01937   01947
01935   01937   01949   01965   01949   01941   01941   01949
01977   01981   01985   01981   01987   01980   01989   01977
01993   02001   02015   02003   02011   02021   02021   02019
02027   02029   02041   02037   02041   02029   02031   02037
02057   02051   02061   02059   02057   02079   02083   02081
02079   02079   02077   02085   02093   02093   02109   02115
02129   02133   02131   02145   02149   02155   02155   02145
02141   02155   02163   02173   02185   02185   02179   02195
02205   02207   02196   02203   02229   02205   02213   02231
02221   02221   02235   02249   02255   02259   02261   02269
02277   02277   02285   02283   02293   02301   02303   02325
02321   02321   02329   02337   02337   02349   02347   02347
02352   02371   02385   02393   02385   02391   02384   02393
02397   02399   02401   02413   02419   02409   02409   02419
02429   02433   02451   02445   02435   02445   02451   02443
02445   02457   02471   02469   02477   02481   02483   02491
02485   02485   02497   02511   02515   02513   02515   02521
02527   02505   02523   02511   02529   02529   02527   02539
02533   02537   02537   02551   02545   02559   02561   02555
02557   02561   02545   02543   02555   02549   02545   02541
02543   02553   02569   02561   02567   02569   02565   02571
02577   02565   02565   02577   02573   02571   02563   02573
02585   02569   02577   02577   02579   02561   02563   02569
02577   02569   02565   02553   02569   02569   02563   02549
02545   02545   02549   02555   02553   02537   02537   02533
02533   02545   02541   02529   02517   02525   02529   02505
02507   02509   02511   02503   02495   02493   02487   02495
02479   02481   02473   02477   02477   02463   02457   02465
02457   02455   02465   02467   02453   02457   02453   02448
02433   02441   02451   02435   02431   02413   02417   02425
02417   02417   02421   02409   02399   02413   02403   02405
02409   02415   02401   02393   02397   02397   02397   02389
02393   02389   02375   02369   02373   02375   02381   02367
02361   02365   02349   02361   02353   02355   02361   02343
02343   02347   02353   02343   02345   02341   02343   02337
02343   02335   02335   02341   02349   02339   02347   02341
02337   02333   02325   02319   02329   02335   02335   02329
02313   02325   02327   02325   02321   02317   02315   02325
02317   02307   02309   02316   02301   02297   02281   02309
02309   02299   02295   02285   02287   02297   02293   02297
02285   02279   02287   02291   02283   02289   02309   02297
02293   02293   02285   02288   02297   02295   02285   02279
02277   02287   02297   02289   02277   02275   02281   02277
02277   02277   02285   02281   02288   02281   02271   02275
02285   02281   02267   02269   02269   02265   02265   02277
02265   02263   02281   02273   02257   02267   02257   02257
02255   02239   02257   02257   02243   02231   02217   02233
02231   02225   02229   02221   02221   02231   02229   02229
02229   02217   02221   02223   02229   02213   02203   02211
02213   02193   02185   02197   02193   02185   02189   02199
02183   02177   02179   02173   02175   02173   02169   02157
02163   02161   02139   02137   02135   02139   02135   02131
02125   02133   02133   02129   02123   02109   02113   02103
02088   02107   02101   02097   02087   02087   02077   02065
02073   02065   02065   02059   02051   02037   02031   02033
02029   02009   02001   01993   01997   02005   02005   01985
01975   01965   01951   01931   01937   01947   01925   01921
01917   01917   01917   01913   01907   01911   01893   01885
01901   01891   01887   01881   01873   01861   01855   01844
01853   01841   01833   01835   01821   01815   01813   01809
01803   01801   01799   01787   01793   01781   01765   01763
01771   01757   01749   01733   01733   01741   01739   01733
01723   01715   01713   01715   01721   01717   01709   01705
01689   01691   01680   01691   01693   01683   01681   01675
01661   01659   01655   01644   01651   01643   01649   01657
01653   01653   01641   01637   01631   01639   01639   01629
01631   01633   01633   01623   01619   01623   01623   01611
01619   01601   01599   01609   01605   01608   01615   01621
01615   01605   01613   01613   01643   01631   01625   01619
01613   01611   01621   01619   01621   01629   01637   01633
01643   01637   01636   01637   01627   01627   01637   01637
01639   01637   01647   01633   01641   01633   01645   01651
01655   01655   01665   01661   01653   01659   01661   01665
01659   01660   01659   01672   01680   01704   01701   01700
01711   01709   01687   01691   01703   01713   01725   01731
01725   01725   01727   01739   01753   01757   01753   01743
01731   01741   01733   01731   01739   01753   01765   01759
01755   01757   01769   01761   01777   01773   01777   01775
01785   01773   01789   01783   01801   01805   01801   01801
01807   01815   01819   01825   01829   01817   01811   01825
01839   01829   01859   01843   01845   01855   01843   01841
01839   01845   01839   01841   01841   01853   01861   01863
01867   01875   01877   01869   01857   01879   01883   01887
01887   01905   01892   01893   01895   01877   01879   01877
01865   01881   01881   01891   01899   01895   01895   01891
01885   01877   01881   01871   01875   01891   01885   01885
01887   01887   01881   01897   01909   01903   01891   01889
01900   01891   01897   01887   01893   01893   01905   01885
01893   01899   01879   01889   01887   01893   01889   01885
01887   01889   01897   01893   01897   01897   01903   01899
01903   01917   01909   01893   01901   01909   01909   01917
01921   01909   01921   01921   01919   01925   01923   01936
01931   01917   01913   01915   01925   01925   01909   01917
01913   01931   01933   01937   01921   01921   01939   01941
01943   01935   01947   01941   01945   01951   01953   01949
01961   01973   01967   01967   01981   01975   01965   01977
01971   01969   01993   01977   01993   01989   01997   01993
01991   02009   02013   02001   02009   02005   02015   02025
02021   02021   02031   02027   02053   02049   02057   02053
02057   02057   02061   02071   02083   02097   02089   02103
02083   02087   02089   02095   02109   02109   02115   02121
02137   02141   02149   02145   02160   02157   02149   02145
02157   02173   02181   02191   02185   02175   02177   02192
02207   02215   02217   02209   02213   02237   02229   02229
02239   02239   02257   02259   02249   02261   02261   02288
02271   02280   02289   02301   02309   02307   02313   02315
02327   02341   02333   02341   02347   02352   02355   02357
02347   02349   02373   02383   02385   02393   02393   02399
02409   02421   02413   02429   02425   02417   02437   02427
02437   02445   02453   02457   02463   02457   02463   02469
02483   02465   02469   02493   02493   02491   02505   02507
02501   02505   02509   02505   02521   02533   02529   02527
02519   02527   02535   02527   02531   02537   02527   02545
02533   02529   02525   02543   02553   02555   02549   02541
02549   02541   02531   02533   02549   02557   02553   02557
02553   02553   02549   02553   02541   02543   02537   02549
02557   02549   02531   02539   02545   02536   02547   02541
02527   02539   02545   02541   02541   02519   02527   02525
02509   02501   02513   02517   02503   02519   02529   02525
02525   02541   02517   02517   02505   02509   02509   02505
02501   02505   02495   02481   02499   02501   02489   02477
02473   02453   02475   02465   02465   02469   02453   02453
02459   02461   02447   02427   02433   02433   02425   02429
02417   02423   02423   02423   02413   02407   02407   02399
02397   02401   02395   02367   02373   02377   02369   02357
02365   02373   02367   02357   02343   02345   02341   02345
02351   02329   02341   02339   02339   02343   02335   02327
02313   02325   02325   02327   02313   02325   02317   02311
02321   02309   02307   02317   02317   02311   02313   02311
02317   02303   02317   02321   02316   02313   02315   02309
02297   02285   02287   02285   02289   02303   02301   02291
02277   02281   02277   02285   02283   02269   02279   02281
02277   02277   02277   02277   02285   02279   02279   02261
02267   02261   02275   02275   02273   02259   02261   02261
02275   02273   02273   02269   02273   02269   02257   02261
02271   02261   02257   02255   02251   02255   02263   02243
02251   02247   02241   02249   02255   02253   02237   02245
02249   02239   02247   02239   02249   02261   02247   02239
02221   02229   02233   02219   02233   02221   02233   02231
02225   02231   02235   02225   02221   02211   02215   02213
02217   02225   02219   02229   02211   02215   02215   02207
02197   02205   02225   02217   02209   02211   02207   02201
02201   02191   02209   02197   02191   02189   02187   02195
02193   02183   02181   02167   02167   02157   02141   02131
02137   02145   02159   02155   02143   02129   02125   02137
02109   02113   02107   02099   02117   02109   02097   02097
02097   02097   02097   02109   02105   02097   02089   02089
02075   02069   02069   02065   02079   02065   02053   02039
02031   02033   02013   02009   02027   02033   02025   02005
02011   01993   01995   01991   01985   01965   01961   01961
01959   01941   01953   01939   01933   01919   01911   01913
01917   01891   01905   01897   01905   01897   01885   01885
01875   01872   01865   01865   01859   01841   01849   01835
01831   01821   01817   01817   01803   01801   01785   01787
01789   01787   01775   01785   01771   01771   01763   01761
01745   01741   01747   01747   01751   01751   01745   01739
01719   01701   01703   01693   01689   01685   01684   01681
01669   01677   01673   01669   01669   01669   01657   01669
01659   01669   01661   01649   01637   01631   01625   01631
01631   01625   01621   01612   01605   01625   01617   01617
01605   01613   01619   01619   01613   01613   01621   01613
01611   01599   01609   01612   01609   01609   01605   01591
01585   01593   01603   01595   01611   01611   01613   01609
01608   01603   01616   01597   01595   01587   01601   01597
01597   01601   01603   01601   01601   01609   01593   01599
01613   01617   01633   01641   01625   01619   01625   01631
01637   01641   01641   01645   01646   01653   01643   01657
01655   01665   01661   01653   01673   01673   01665   01679
01680   01683   01691   01689   01692   01683   01673   01689
01693   01691   01695   01692   01685   01695   01705   01715
01713   01725   01729   01721   01717   01729   01735   01745]

b = reshape (a',1,1408)
