a=[01602   01841   01884   02055   02405   02536   02305   02209
02035   01684   01621   01817   01868   02081   02412   02488
02303   02196   02029   01647   01604   01809   01849   02075
02423   02473   02273   02215   02016   01635   01607   01812
01846   02082   02444   02468   02270   02225   01987   01623
01615   01813   01859   02100   02452   02457   02240   02181
01961   01602   01608   01807   01827   02131   02485   02436
02262   02197   01940   01594   01669   01841   01885   02153
02486   02408   02245   02183   01920   01568   01677   01833
01877   02171   02488   02382   02207   02153   01845   01563
01660   01817   01890   02211   02501   02377   02261   02182
01846   01569   01710   01861   01936   02258   02525   02360
02224   02155   01839   01578   01720   01864   01965   02301
02548   02380   02255   02159   01824   01581   01767   01875
01989   02316   02548   02388   02253   02127   01787   01583
01741   01858   01973   02308   02522   02328   02241   02115
01757   01580   01775   01861   01962   02347   02505   02300
02216   02068   01688   01566   01763   01860   01984   02351
02493   02308   02217   02093   01694   01583   01797   01867
02034   02425   02540   02295   02253   02058   01696   01603
01813   01893   02040   02440   02509   02325   02251   02043
01655   01603   01812   01874   02076   02411   02465   02253
02239   02036   01654   01622   01837   01900   02106   02460
02489   02273   02220   01983   01621   01623   01809   01876
02105   02456   02444   02259   02193   01959   01605   01612
01844   01893   02140   02481   02423   02269   02210   01893
01588   01645   01825   01935   02201   02526   02449   02233
02205   01907   01580   01663   01833   01875   02169   02473
02371   02221   02152   01861   01580   01676   01821   01902
02203   02500   02381   02213   02163   01842   01569   01700
01841   01917   02245   02513   02372   02240   02130   01801
01567   01721   01861   01959   02267   02524   02354   02249
02155   01801   01597   01730   01844   01960   02317   02540
02311   02245   02130   01788   01608   01781   01876   01981
02340   02515   02364   02243   02111   01737   01553   01729
01853   01996   02345   02501   02293   02206   02082   01717
01592   01821   01899   02033   02405   02540   02313   02239
02093   01691   01589   01805   01877   02020   02401   02499
02307   02230   02075   01711   01619   01807   01876   02050
02411   02488   02283   02215   02033   01672   01601   01807
01849   02065   02415   02461   02284   02205   02008   01637
01612   01797   01869   02108   02444   02473   02273   02203
01992   01596   01625   01807   01874   02113   02469   02468
02248   02212   01943   01590   01633   01817   01869   02136
02477   02449   02257   02204   01931   01601   01644   01855
01913   02187   02510   02440   02249   02196   01902   01569
01671   01848   01927   02224   02536   02401   02270   02185
01912   01566   01653   01835   01906   02229   02511   02397
02236   02153   01867   01559   01710   01890   01934   02257
02521   02378   02225   02153   01832   01533   01705   01851
01925   02295   02523   02409   02297   02189   01845   01596
01754   01870   01967   02312   02545   02351   02267   02153
01809   01575   01773   01873   01985   02343   02561   02344
02232   02131   01759   01553   01753   01849   01992   02361
02523   02327   02241   02107   01751   01574   01791   01887
01988   02365   02513   02311   02252   02073   01725   01573
01801   01861   02024   02387   02493   02283   02196   02018
01660   01566   01791   01831   02028   02391   02482   02276
02207   02004   01657   01567   01797   01865   02053   02407
02463   02251   02191   01998   01609   01593   01831   01867
02077   02469   02472   02269   02220   01973   01649   01633
01853   01919   02148   02487   02475   02283   02215   01946
01615   01636   01829   01884   02153   02477   02415   02243
02212   01927   01597   01647   01841   01895   02176   02479
02395   02233   02159   01872   01540   01626   01825   01873
02161   02494   02405   02229   02159   01880   01553   01656
01860   01931   02239   02524   02396   02241   02181   01871
01569   01723   01861   01931   02260   02529   02400   02241
02159   01851   01607   01750   01877   01948   02261   02517
02377   02246   02169   01828   01589   01752   01873   01968
02325   02533   02373   02263   02143   01772   01598   01774
01873   01963   02309   02522   02366   02255   02140   01764
01587   01784   01896   01993   02344   02527   02311   02239
02093   01724   01574   01765   01871   02038   02395   02555
02325   02245   02075   01718   01583   01801   01869   02025
02381   02505   02281   02221   02037   01684   01598   01788
01835   02005   02411   02498   02276   02210   02033   01672
01588   01790   01885   02062   02442   02475   02285   02208
02009   01613   01613   01810   01884   02061   02425   02431
02239   02193   01970   01599   01617   01817   01857   02092
02441   02426   02245   02206   01965   01612   01671   01850
01910   02138   02493   02436   02244   02183   01951   01621
01651   01867   01920   02191   02495   02409   02259   02205
01928   01603   01695   01834   01889   02181   02484   02399
02231   02166   01880   01559   01673   01829   01884   02216
02513   02381   02204   02145   01857   01553   01681   01836
01937   02242   02524   02380   02239   02157   01823   01562
01737   01859   01932   02269   02517   02355   02244   02144
01809   01566   01709   01844   01971   02293   02513   02355
02241   02145   01801   01557   01752   01841   01960   02292
02511   02324   02232   02113   01765   01561   01755   01857
01992   02348   02509   02317   02237   02101   01731   01564
01779   01852   02009   02353   02497   02273   02221   02051
01675   01544   01773   01877   02022   02380   02491   02285
02220   02059   01698   01575   01805   01895   02039   02428
02495   02280   02231   02036   01680   01619   01811   01876
02073   02436   02493   02295   02225   02012   01637   01618
01820   01887   02105   02481   02503   02305   02250   02001
01632   01637   01819   01877   02120   02447   02436   02217
02181   01924   01590   01599   01816   01875   02137   02463
02427   02233   02203   01929   01545   01669   01853   01921
02185   02539   02450   02276   02203   01922   01615   01684
01840   01893   02171   02505   02437   02256   02179   01861
01579   01711   01873   01929   02235   02473   02365   02215
02154   01829   01553   01695   01801   01897   02217   02498
02344   02228   02161   01806   01548   01708   01835   01936
02292   02521   02390   02249   02157   01836   01573   01740
01851   01930   02271   02489   02333   02217   02131   01760
01590   01740   01862   01968   02321   02529   02332   02231
02121   01771   01574   01779   01884   02011   02365   02532
02301   02225   02079   01731   01569   01789   01896   02008
02384   02537   02324   02237   02089   01721   01599   01783
01859   02009   02388   02517   02295   02228   02063   01689
01583   01805   01873   02048   02423   02493   02286   02221
02023   01648   01599   01789   01857   02073   02443   02469
02277   02206   02025   01650   01611   01832   01883   02116
02469   02499   02291   02227   02003   01628   01668   01864
01896   02129   02480   02461   02235   02207   01964   01617
01665   01856   01899   02151   02490   02449   02241   02193
01941   01601   01685   01837   01873   02183   02503   02411
02237   02193   01913   01597   01693   01848   01909   02201
02509   02404   02253   02185   01871   01559   01652   01815
01907   02203   02493   02391   02243   02164   01852   01553
01689   01843   01932   02232   02507   02377   02249   02161
01804   01559   01720   01857   01944   02293   02525   02344]

b = reshape(a',1,1000)
