a=[02498   02777   02774   02365   01890   01554   01290   01293
01734   02220   02566   02800   02744   02288   01818   01466
01207   01272   01729   02187   02546   02804   02748   02282
01823   01499   01260   01308   01826   02274   02617   02836
02756   02292   01847   01503   01306   01426   01890   02367
02676   02847   02734   02246   01804   01484   01279   01390
01909   02344   02658   02842   02704   02194   01775   01472
01268   01474   02006   02428   02724   02920   02732   02212
01796   01459   01292   01488   02012   02400   02716   02864
02607   02070   01690   01383   01190   01426   01936   02364
02682   02876   02698   02166   01773   01450   01292   01549
02084   02466   02768   02900   02614   02130   01741   01394
01272   01540   02068   02438   02709   02818   02518   02026
01622   01312   01209   01500   02022   02422   02739   02852
02562   02036   01645   01384   01308   01654   02184   02519
02778   02783   02410   01882   01520   01246   01212   01582
02079   02452   02728   02758   02422   01930   01562   01276
01258   01623   02118   02496   02766   02790   02392   01926
01592   01398   01446   01845   02318   02656   02903   02910
02516   01984   01648   01378   01411   01840   02328   02632
02896   02884   02428   01943   01615   01367   01397   01842
02292   02602   02818   02730   02252   01752   01417   01184
01238   01704   02194   02481   02700   02616   02151   01698
01392   01175   01290   01770   02238   02602   02787   02674
02192   01753   01468   01276   01404   01890   02318   02664
02892   02786   02296   01844   01510   01287   01428   01935
02386   02696   02842   02654   02199   01786   01495   01327
01518   02024   02424   02744   02919   02690   02156   01661
01378   01250   01356   01949   02338   02632   02746   02564
02079   01615   01306   01112   01364   02902   02519   02004
01614   01331   01280   01680   02183   02526   02796   02802
02402   01908   01530   01275   01262   01697   02188   02559
02750   02732   02311   01812   01466   01248   01278   01771
02214   02576   02830   02804   02390   01930   01582   01302
01376   01802   02286   02620   02852   02799   02340   01942
01658   01488   01590   02040   02464   02768   02960   02822
02302   01839   01475   01251   01326   01812   02256   02572
02772   02645   02142   01710   01378   01188   01386   01926
02349   02658   02838   02686   02188   01746   01438   01232
01419   01912   02324   02658   02836   02660   02176   01769
01464   01273   01466   01970   02375   02667   02802   02602
02080   01686   01342   01213   01439   01994   02346   02628
02738   02492   01968   01573   01259   01180   01483   02002
02410   02710   02852   02578   02078   01662   01339   01199
01488   02009   02384   02700   02806   02512   01988   01616
01332   01208   01534   02036   02423   02679   02730   02378
01870   01514   01236   01199   01558   02060   02439   02736
02802   02452   01942   01588   01283   01208   01586   02110
02472   02748   02800   02426   01912   01568   01285   01260
01682   02180   02520   02787   02841   02474   01962   01616
01312   01284   01728   02218   02570   02814   02808   02412
01902   01550   01327   01406   01854   02320   02658   02866
02812   02343   01856   01525   01324   01368   01822   02298
02640   02844   02802   02322   01870   01498   01230   01289
01779   02223   02543   02765   02684   02183   01756   01436
01248   01372   01863   02302   02626   02848   02740   02230
01808   01469   01231   01338   01858   02295   02626   02830
02646   02142   01730   01442   01248   01440   01954   02364
02682   02852   02658   02162   01762   01425   01255   01470
01982   02390   02682   02826   02582   02070   01678   01364
01187   01413   01950   02330   02590   02663   02382   01892
01535   01258   01155   01464   01968   02384   02706   02862
02611   02103   01696   01368   01243   01502   02055   02440
02732   02854   02528   02038   01684   01369   01310   01650
02194   02552   02839   02940   02616   02086   01710   01421
01351   01704   02221   02564   02822   02894   02542   02016
01626   01324   01236   01618   02098   02492   02720   02762
02346   01890   01516   01234   01202   01609   02130   02512
02743   02823   02478   01966   01610   01342   01320   01728
02212   02570   02796   02806   02399   01904   01543   01287
01287   01759   02222   02572   02830   02854   02422   01930
01585   01320   01378   01809   02254   02540   02714   02640
02194   01729   01406   01191   01248   01750   02194   02556
02752   02636   02199   01736   01426   01209   01328   01820
02282   02597   02788   02672   02186   01748   01428   01211
01378   01867   02346   02676   02860   02728   02238   01796
01452   01241   01371   01910   02338   02660   02808   02654
02151   01747   01442   01243   01447   01972   02402   02698
02844   02653   02158   01710   01418   01277   01500   02002
02418   02734   02898   02670   02162   01749   01444   01304
01539   02063   02462   02754   02849   02632   02094   01703
01397   01317   01666   02160   02516   02786   02896   02589
02028   01650   01366   01268   01566   02095   02471   02801
02886   02576   02066   01672   01372   01275   01616   02124
02508   02748   02770   02394   01900   01534   01264   01183
01558   02074   02450   02724   02760   02384   01868   01538
01276   01234   01656   02154   02510   02746   02734   02332
01866   01542   01322   01363   01785   02263   02592   02880
02900   02484   01967   01630   01362   01378   01858   02332
02666   02886   02826   02366   01878   01546   01304   01308
01788   02255   02606   02814   02749   02297   01840   01511
01292   01324   01794   02215   02560   02802   02698   02220
01810   01457   01232   01348   01850   02299   02612   02808
02724   02240   01822   01493   01274   01422   01911   02346
02691   02924   02762   02258   01826   01484   01270   01401
01914   02334   02662   02838   02667   02182   01739   01453
01269   01485   01998   02406   02674   02830   02588   02064
01671   01336   01185   01389   01930   02320   02654   02822
02585   02052   01678   01330   01146   01418   01936   02332
02620   02752   02471   01940   01574   01299   01174   01456
02007   02396   02708   02804   02518   02004   01622   01362
01330   01694   02196   02567   02806   02840   02506   01990
01608   01317   01260   01586   02126   02496   02752   02807
02452   01977   01574   01325   01280   01630   02140   02526
02802   02882   02490   02010   01614   01385   01350   01734
02226   02589   02847   02898   02506   02015   01654   01388
01399   01796   02287   02624   02854   02874   02446   01946
01584   01328   01324   01810   02262   02575   02758   02717
02256   01808   01471   01238   01300   01772   02231   02579
02816   02804   02330   01873   01514   01246   01344   01794
02264   02578   02796   02694   02222   01796   01450   01236
01335   01818   02262   02568   02748   02609   02118   01718
01458   01358   01502   02028   02446   02758   02926   02772
02236   01807   01440   01266   01429   01922   02351   02672
02792   02612   02076   01700   01364   01181   01359   01898
02294   02658   02807   02616   02111   01687   01359   01190
01406   01920   02348   02676   02847   02668   02146   01729
01418   01302   01530   02064   02480   02754   02854   02594
02078   01676   01359   01225   01522   02036   02412   02724
02848   02552   02079   01674   01364   01286   01600   02106
02498   02754   02810   02464   01998   01638   01357   01280
01638   02156   02482   02754   02810   02471   01958   01582
01288   01252   01612   02112   02498   02756   02806   02446
01956   01578   01288   01248   01655   02143   02478   02739
02728   02336   01832   01494   01239   01200   01624   02135]

b = reshape(a',1,1000)
c = 0:999
d = abs (fft(b))
plot (c,d)
