a=[03359   03169   03169   02915   02915   02624   02624   02299
02299   01946   01946   01596   01596   01260   01260   00972
00972   00760   00760   00637   00637   00608   00616   00674
00674   00820   00820   01048   01048   01327   01327   01635
01635   01974   01974   02308   02308   02653   02653   02996
02996   03254   03254   03415   03415   03486   03486   03472
03472   03332   03332   03151   03151   02913   02913   02605
02605   02296   02296   01946   01946   01592   01592   01261
01261   00983   00983   00751   00751   00636   00636   00614
00614   00676   00676   00826   00826   01048   01048   01316
01316   01634   01634   01973   01973   02323   02323   02662
02662   03008   03008   03247   03247   03388   03418   03489
03489   03469   03469   03365   03365   03192   03192   02923
02923   02635   02635   02295   02295   01941   01941   01588
01588   01255   01255   00966   00966   00738   00738   00624
00624   00609   00609   00677   00677   00829   00829   01050
01050   01338   01338   01644   01644   01967   01967   02312
02312   02718   02718   03010   03010   03274   03274   03394
03394   03494   03494   03453   03453   03347   03347   03181
03181   02908   02908   02623   02623   02296   02296   01954
01954   01603   01603   01273   01274   00980   00980   00763
00763   00649   00649   00609   00609   00676   00676   00828
00828   01050   01050   01322   01322   01643   01643   01973
01973   02333   02333   02679   02679   02994   02994   03238
03238   03429   03429   03489   03489   03474   03474   03351
03351   03146   03146   02923   02923   02621   02621   02296
02296   01948   01948   01606   01606   01264   01264   00953
00953   00754   00754   00635   00635   00604   00604   00671
00671   00824   00824   01049   01049   01323   01323   01634
01634   01971   01971   02318   02321   02648   02648   02998
02998   03250   03250   03422   03422   03486   03486   03479
03479   03350   03350   03191   03191   02915   02915   02622
02622   02294   02294   01944   01944   01579   01579   01256
01256   00964   00964   00745   00745   00619   00619   00607
00607   00678   00678   00814   00814   01066   01066   01324
01324   01642   01642   01970   01970   02321   02321   02667
02667   03005   03005   03248   03248   03414   03414   03474
03474   03481   03481   03336   03336   03179   03179   02927
02927   02635   02635   02308   02295   01938   01938   01580
01580   01255   01255   00960   00960   00778   00778   00633
00633   00608   00608   00662   00662   00831   00831   01055
01055   01327   01327   01642   01642   01971   01971   02323
02323   02668   02668   03000   03000   03246   03246   03414
03414   03491   03491   03476   03476   03341   03341   03179
03179   02937   02937   02604   02604   02287   02287   01947
01947   01593   01593   01260   01260   00974   00974   00753
00753   00628   00628   00596   00596   00675   00675   00808
00808   01044   01044   01334   01331   01637   01637   01971
01971   02317   02317   02707   02707   03007   03007   03255
03255   03429   03429   03486   03486   03475   03475   03356
03356   03154   03154   02904   02904   02585   02585   02297
02297   01950   01950   01600   01600   01262   01262   00970
00970   00780   00780   00652   00652   00613   00613   00667
00667   00818   00818   01068   01068   01326   01326   01629
01629   01977   01977   02336   02336   02698   02698   02997
02997   03256   03256   03416   03416   03482   03502   03460
03460   03388   03388   03174   03174   02883   02883   02602
02602   02276   02276   01954   01954   01602   01602   01261
01261   00972   00972   00769   00769   00639   00639   00600
00600   00673   00673   00822   00822   01055   01055   01339
01339   01634   01634   01973   01973   02303   02303   02659
02659   03010   03010   03234   03234   03416   03416   03488
03488   03479   03479   03368   03368   03180   03180   02927
02927   02609   02609   02302   02302   01947   01947   01586
01586   01263   01263   00958   00958   00742   00780   00653
00653   00609   00609   00674   00674   00824   00824   01056
01056   01318   01318   01631   01631   01981   01981   02350
02350   02678   02678   02997   02997   03257   03257   03418
03418   03488   03488   03490   03490   03384   03384   03172
03172   02922   02922   02609   02609   02297   02297   01947
01947   01606   01606   01280   01280   00986   00986   00756
00756   00634   00634   00610   00610   00675   00675   00827
00827   01062   01062   01347   01347   01642   01642   01979
01979   02331   02331   02658   02658   03001   03007   03245
03245   03413   03413   03491   03491   03455   03455   03351
03351   03163   03163   02924   02924   02642   02642   02316
02316   01950   01950   01604   01604   01275   01275   00973
00973   00766   00766   00640   00640   00608   00608   00673
00673   00830   00830   01036   01036   01317   01317   01637
01637   01966   01966   02319   02319   02692   02692   02983
02983   03253   03253   03381   03381   03495   03495   03486
03486   03359   03359   03168   03168   02918   02918   02626
02626   02284   02284   01953   01955   01595   01595   01276
01276   00966   00966   00752   00752   00638   00638   00610
00610   00675   00675   00819   00819   01041   01041   01306
01306   01631   01631   01974   01974   02316   02316   02694
02694   03007   03007   03261   03261   03429   03429   03487
03487   03463   03463   03358   03358   03166   03166   02918
02918   02614   02614   02295   02295   01943   01943   01596
01596   01249   01249   00975   00975   00773   00773   00640
00640   00602   00602   00670   00670   00807   00807   01045
01045   01323   01323   01637   01630   01970   01970   02310
02310   02700   02700   02969   02969   03294   03294   03440
03440   03498   03498   03471   03471   03353   03353   03169
03169   02915   02915   02644   02644   02301   02301   01942
01942   01594   01594   01276   01276   00966   00966   00764
00764   00640   00640   00608   00608   00671   00671   00834
00834   01053   01053   01322   01322   01636   01636   01972
01972   02344   02344   02695   02695   03005   03005   03240
03240   03408   03408   03495   03495   03472   03472   03352
03352   03176   03176   02890   02921   02596   02596   02299
02299   01946   01946   01593   01593   01256   01256   00963
00963   00754   00754   00636   00636   00616   00616   00671
00671   00832   00832   01043   01043   01323   01323   01635
01635   01974   01974   02299   02299   02659   02659   02986
02986   03239   03239   03425   03425   03503   03503   03469
03469   03369   03369   03136   03136   02903   02903   02644
02644   02296   02296   01947   01947   01597   01597   01263
01263   00961   00961   00758   00758   00638   00638   00594
00594   00678   00665   00848   00825   01058   01058   01324
01324   01635   01635   01974   01974   02304   02304   02638
02638   02996   02996   03235   03235   03381   03381   03501
03501   03468   03468   03352   03352   03152   03152   02926
02926   02627   02627   02306   02306   01945   01945   01599
01599   01258   01258   00966   00966   00735   00735   00632
00632   00603   00603   00681   00681   00835   00835   01053
01053   01337   01337   01643   01643   01970   01970   02318
02318   02700   02700   02993   02993   03249   03229   03420
03420   03472   03472   03457   03457   03361   03361   03130
03130   02894   02894   02620   02620   02299   02299   01947
01947   01593   01593   01258   01258   00971   00971   00765
00765   00641   00641   00610   00610   00673   00673   00828
00828   01050   01050   01322   01322   01639   01639   01971
01971   02317   02317   02667   02667   02995   02995   03246
03246   03412   03412   03490   03490   03467   03467   03365]

b=reshape(a',1,1000)
c=0:999
plot (c,b)
