a=[02351   02351   02294   02294   02234   02234   02157   02157
02073   02073   01980   01980   01890   01890   01814   01814
01749   01749   01704   01704   01683   01683   01686   01686
01715   01715   01771   01771   01838   01838   01908   01908
01987   01987   02073   02073   02165   02165   02247   02247
02318   02318   02376   02376   02402   02402   02405   02405
02394   02394   02354   02354   02302   02302   02234   02234
02154   02154   02079   02079   01985   01985   01895   01895
01814   01814   01752   01752   01702   01702   01684   01684
01688   01688   01719   01719   01771   01771   01831   01831
01904   01904   01990   01990   02075   02075   02161   02161
02247   02247   02323   02323   02379   02379   02406   02406
02407   02407   02389   02389   02355   02355   02301   02301
02235   02235   02167   02167   02073   02073   01983   01983
01904   01904   01809   01809   01748   01748   01706   01706
01687   01687   01691   01691   01717   01717   01768   01768
01834   01834   01906   01906   01983   01983   02075   02075
02175   02175   02257   02257   02323   02323   02380   02380
02406   02406   02410   02410   02393   02393   02355   02355
02299   02299   02228   02228   02152   02152   02074   02074
01988   01988   01902   01902   01813   01813   01749   01749
01704   01704   01687   01687   01691   01691   01717   01717
01766   01766   01834   01834   01906   01906   01987   01987
02071   02071   02161   02161   02246   02246   02319   02319
02366   02366   02406   02406   02411   02411   02396   02396
02351   02351   02291   02291   02236   02236   02160   02160
02075   02075   01983   01983   01901   01901   01812   01812
01748   01748   01704   01704   01683   01683   01689   01689
01718   01718   01769   01769   01831   01831   01907   01907
01988   01988   02078   02078   02172   02172   02248   02248
02317   02317   02364   02364   02403   02403   02410   02410
02401   02401   02360   02360   02296   02296   02236   02236
02157   02157   02073   02073   01985   01985   01897   01897
01821   01821   01751   01751   01704   01704   01685   01685
01691   01691   01714   01714   01768   01768   01836   01836
01907   01907   01983   01983   02072   02072   02164   02164
02252   02252   02315   02315   02377   02377   02396   02396
02406   02406   02386   02386   02350   02350   02301   02301
02232   02232   02154   02154   02072   02072   01982   01982
01892   01892   01812   01812   01747   01747   01703   01703
01684   01684   01686   01686   01714   01714   01764   01764
01829   01829   01903   01903   01980   01980   02072   02072
02163   02163   02250   02250   02322   02322   02385   02385
02406   02406   02409   02409   02398   02398   02351   02351
02306   02306   02241   02241   02155   02155   02076   02076
01991   01991   01898   01898   01815   01815   01747   01747
01703   01703   01689   01689   01690   01690   01710   01710
01769   01769   01831   01831   01902   01902   01984   01984
02070   02070   02163   02163   02248   02248   02319   02319
02368   02368   02407   02407   02409   02409   02396   02396
02351   02351   02304   02304   02233   02233   02157   02157
02073   02073   01986   01986   01896   01896   01813   01813
01748   01748   01703   01703   01683   01683   01685   01685
01718   01718   01767   01767   01832   01832   01904   01904
01981   01981   02073   02073   02163   02163   02247   02247
02315   02315   02367   02367   02401   02401   02409   02409
02395   02395   02354   02354   02298   02298   02232   02232
02159   02159   02070   02070   01982   01982   01897   01897
01814   01814   01749   01749   01704   01704   01689   01689
01688   01688   01715   01715   01769   01769   01833   01833
01903   01903   01986   01986   02076   02076   02166   02166
02255   02255   02323   02323   02367   02367   02400   02400
02406   02406   02397   02397   02353   02353   02306   02306
02233   02233   02160   02160   02068   02068   01982   01982
01895   01895   01814   01814   01749   01749   01700   01700
01681   01681   01688   01688   01714   01714   01771   01771
01835   01835   01905   01905   01982   01982   02068   02068
02160   02160   02254   02254   02319   02319   02372   02372
02400   02400   02407   02407   02390   02390   02351   02351
02299   02299   02236   02236   02168   02168   02077   02077
01980   01980   01893   01893   01813   01813   01745   01745
01702   01702   01681   01681   01689   01689   01715   01715
01768   01768   01832   01832   01907   01907   01991   01991
02071   02071   02163   02163   02250   02250   02322   02322
02372   02372   02402   02402   02407   02407   02385   02385
02344   02344   02299   02299   02234   02234   02156   02156
02073   02073   01984   01984   01890   01890   01815   01815
01747   01747   01704   01704   01686   01686   01687   01687
01717   01717   01765   01765   01828   01828   01905   01905
01990   01990   02070   02070   02167   02167   02253   02253
02320   02320   02371   02371   02400   02400   02404   02404
02392   02392   02357   02357   02311   02311   02236   02236
02157   02157   02073   02073   01982   01982   01893   01893
01812   01812   01751   01751   01704   01704   01684   01684
01688   01688   01715   01715   01759   01759   01827   01827
01902   01902   01980   01980   02071   02071   02162   02162
02253   02253   02306   02306   02367   02367   02402   02402
02412   02412   02396   02396   02355   02355   02303   02303
02229   02229   02153   02153   02073   02073   01982   01982
01897   01897   01812   01812   01751   01751   01704   01704
01683   01683   01684   01684   01721   01721   01764   01764
01836   01836   01905   01905   01984   01984   02075   02075
02168   02168   02256   02256   02321   02321   02372   02372
02403   02403   02410   02410   02393   02393   02358   02358
02297   02297   02230   02230   02156   02156   02071   02071
01977   01977   01894   01894   01815   01815   01747   01747
01709   01709   01689   01689   01686   01686   01718   01718
01769   01769   01833   01833   01907   01907   01987   01987
02076   02076   02166   02166   02237   02237   02323   02323
02371   02371   02399   02399   02409   02409   02394   02394
02356   02356   02291   02291   02235   02235   02154   02154
02072   02072   01983   01983   01894   01894   01815   01815
01744   01744   01695   01695   01680   01680   01691   01691
01717   01717   01769   01769   01833   01833   01906   01906
01984   01984   02075   02075   02163   02163   02250   02250
02316   02316   02368   02368   02402   02402   02403   02403
02393   02393   02357   02357   02307   02307   02231   02231
02153   02153   02073   02073   01984   01984   01902   01902
01821   01821   01745   01745   01699   01699   01683   01683
01686   01686   01718   01718   01767   01767   01832   01832
01906   01906   01989   01989   02069   02069   02163   02163
02253   02253   02325   02325   02370   02370   02396   02396
02410   02410   02400   02400   02364   02364   02303   02303
02233   02233   02157   02157   02068   02068   01986   01986
01899   01899   01815   01815   01754   01754   01702   01702
01687   01687   01691   01691   01718   01718   01770   01770
01838   01838   01909   01909   01986   01986   02074   02074
02172   02172   02254   02254   02314   02314   02368   02368
02400   02400   02413   02413   02400   02400   02359   02359
02303   02303   02234   02234   02158   02158   02079   02079
01984   01984   01892   01892   01811   01811   01752   01752
01702   01702   01678   01678   01684   01684   01719   01719
01772   01772   01835   01835   01908   01908   01988   01988
02072   02072   02164   02164   02254   02254   02328   02328
02367   02367   02388   02388   02408   02408   02393   02393]

b = reshape (a', 1, 1000)
c=0:999
plot (c,b)
