a=[00358   00358   00356   00356   00355   00355   00353   00353
00351   00351   00351   00351   00348   00348   00346   00346
00345   00345   00343   00343   00341   00341   00341   00341
00339   00339   00335   00335   00336   00336   00332   00332
00331   00331   00326   00326   00327   00327   00323   00323
00323   00323   00318   00318   00317   00317   00314   00314
00312   00312   00310   00310   00307   00307   00305   00305
00302   00302   00301   00301   00299   00299   00295   00295
00294   00294   00291   00291   00288   00288   00288   00288
00283   00283   00284   00284   00279   00279   00279   00279
00275   00275   00274   00274   00271   00271   00271   00271
00266   00266   00265   00265   00262   00262   00260   00260
00258   00258   00256   00256   00255   00255   00253   00253
00252   00252   00250   00250   00248   00248   00247   00247
00245   00245   00245   00245   00241   00241   00243   00243
00239   00239   00241   00241   00238   00238   00238   00238
00235   00235   00237   00237   00234   00234   00236   00236
00235   00235   00232   00232   00232   00232   00232   00232
00232   00232   00232   00232   00231   00231   00232   00232
00232   00232   00231   00231   00232   00232   00234   00234
00235   00235   00236   00236   00235   00235   00236   00236
00236   00236   00238   00238   00236   00236   00239   00239
00239   00239   00238   00238   00241   00241   00240   00240
00243   00243   00241   00241   00245   00245   00245   00245
00247   00247   00246   00246   00249   00249   00249   00249
00250   00250   00251   00251   00253   00253   00253   00253
00254   00254   00255   00255   00256   00256   00257   00257
00259   00259   00260   00260   00261   00261   00262   00262
00263   00263   00263   00263   00265   00265   00267   00267
00268   00268   00268   00268   00271   00271   00271   00271
00272   00272   00275   00275   00276   00276   00278   00278
00278   00278   00280   00280   00281   00281   00282   00282
00284   00284   00286   00286   00286   00286   00287   00287
00288   00288   00289   00289   00292   00292   00293   00293
00296   00296   00296   00296   00298   00298   00301   00301
00302   00302   00305   00305   00307   00307   00308   00308
00311   00311   00314   00314   00315   00315   00318   00318
00320   00320   00323   00323   00327   00327   00327   00327
00330   00330   00333   00333   00335   00335   00338   00338
00341   00341   00344   00344   00346   00346   00349   00349
00351   00351   00353   00353   00357   00357   00360   00360
00361   00361   00365   00365   00365   00365   00370   00370
00371   00371   00374   00374   00375   00375   00379   00379
00380   00380   00383   00383   00384   00384   00386   00386
00387   00387   00389   00389   00390   00390   00393   00393
00394   00394   00396   00396   00395   00395   00397   00397
00398   00398   00399   00399   00400   00400   00400   00400
00402   00402   00401   00401   00402   00402   00403   00403
00402   00402   00402   00402   00403   00403   00404   00404
00404   00404   00405   00405   00405   00405   00405   00405
00403   00403   00405   00405   00404   00404   00404   00404
00403   00403   00403   00403   00404   00404   00395   00395
00402   00402   00401   00401   00402   00402   00401   00401
00400   00400   00400   00400   00397   00397   00400   00400
00399   00399   00397   00397   00397   00397   00394   00394
00395   00395   00391   00391   00393   00393   00389   00389
00391   00391   00387   00387   00387   00387   00387   00387
00385   00385   00387   00387   00382   00382   00384   00384
00381   00381   00382   00382   00378   00378   00380   00380
00375   00375   00376   00376   00375   00375   00374   00374
00371   00371   00372   00372   00369   00369   00369   00369
00368   00368   00364   00364   00364   00364   00362   00362
00361   00361   00359   00359   00358   00358   00356   00356
00355   00355   00352   00352   00351   00351   00350   00350
00348   00348   00346   00346   00346   00346   00342   00342
00343   00343   00339   00339   00338   00338   00335   00335
00335   00335   00331   00331   00330   00330   00326   00326
00325   00325   00324   00324   00320   00320   00321   00321
00315   00315   00315   00315   00312   00312   00310   00310
00306   00306   00307   00307   00302   00302   00302   00302
00297   00297   00298   00298   00293   00293   00293   00293
00288   00288   00288   00288   00284   00284   00284   00284
00278   00278   00279   00279   00275   00275   00273   00273
00272   00272   00268   00268   00268   00268   00264   00264
00263   00263   00260   00260   00260   00260   00256   00256
00256   00256   00254   00254   00251   00251   00250   00250
00248   00248   00246   00246   00247   00247   00243   00243
00242   00242   00242   00242   00241   00241   00238   00238
00238   00238   00236   00236   00237   00237   00235   00235
00236   00236   00233   00233   00234   00234   00235   00235
00231   00231   00233   00233   00232   00232   00232   00232
00231   00231   00233   00233   00231   00231   00234   00234
00231   00231   00234   00234   00232   00232   00235   00235
00233   00233   00236   00236   00235   00235   00236   00236
00237   00237   00236   00236   00239   00239   00238   00238
00241   00241   00239   00239   00242   00242   00242   00242
00244   00244   00244   00244   00247   00247   00246   00246
00249   00249   00249   00249   00252   00252   00249   00249
00254   00254   00253   00253   00257   00257   00256   00256
00258   00258   00257   00257   00258   00258   00259   00259
00260   00260   00262   00262   00263   00263   00264   00264
00265   00265   00266   00266   00268   00268   00269   00269
00270   00270   00271   00271   00272   00272   00274   00274
00275   00275   00277   00277   00279   00279   00280   00280
00282   00282   00283   00283   00284   00284   00286   00286
00289   00289   00288   00288   00289   00289   00292   00292
00290   00290   00295   00295   00294   00294   00298   00298
00299   00299   00302   00302   00302   00302   00307   00307
00307   00307   00309   00309   00312   00312   00313   00313
00316   00316   00319   00319   00320   00320   00323   00323
00326   00326   00329   00329   00330   00330   00333   00333
00338   00338   00340   00340   00340   00340   00344   00344
00346   00346   00351   00351   00351   00351   00355   00355
00356   00356   00360   00360   00362   00362   00365   00365
00366   00366   00369   00369   00372   00372   00373   00373
00376   00376   00378   00378   00381   00381   00383   00383
00384   00384   00386   00386   00386   00386   00389   00389
00390   00390   00391   00391   00393   00393   00394   00394
00395   00395   00396   00396   00398   00398   00399   00399
00400   00400   00399   00399   00400   00400   00401   00401
00401   00401   00402   00402   00403   00403   00404   00404
00403   00403   00404   00404   00405   00405   00405   00405
00404   00404   00404   00404   00405   00405   00405   00405
00403   00403   00405   00405   00404   00404   00403   00403
00402   00402   00403   00403   00403   00403   00402   00402
00400   00400   00402   00402   00400   00400   00402   00402
00398   00398   00399   00399   00396   00396   00398   00398
00394   00394   00395   00395   00395   00395   00391   00391
00392   00392   00390   00390   00391   00391   00390   00390
00387   00387   00385   00385   00386   00386   00384   00384
00383   00383   00382   00382   00380   00380   00381   00381
00378   00378   00378   00378   00376   00376   00376   00376
00374   00374   00374   00374   00372   00372   00371   00371
00368   00368   00366   00366   00367   00367   00364   00364
00365   00365   00362   00362   00362   00362   00359   00359]

b = reshape(a',1,999)
plot (c,b)
