a=[02049   02050   02050   02051   02052   02052   02052   02053
02053   02053   02054   02055   02055   02056   02056   02056
02057   02056   02056   02057   02057   02058   02058   02058
02058   02057   02058   02058   02057   02058   02057   02058
02057   02058   02056   02057   02057   02056   02056   02056
02055   02055   02055   02054   02053   02054   02053   02053
02052   02051   02051   02050   02050   02050   02049   02048
02050   02048   02046   02046   02047   02045   02045   02044
02044   02044   02044   02043   02042   02045   02042   02042
02042   02042   02042   02042   02043   02042   02042   02042
02042   02042   02042   02044   02043   02042   02043   02044
02044   02042   02045   02046   02046   02047   02046   02046
02049   02048   02048   02048   02049   02049   02050   02051
02051   02051   02052   02052   02054   02054   02055   02054
02056   02056   02056   02056   02057   02056   02060   02057
02056   02058   02060   02058   02058   02058   02059   02058
02058   02058   02058   02058   02057   02057   02057   02057
02056   02056   02056   02056   02056   02056   02055   02054
02054   02051   02054   02052   02052   02051   02051   02050
02050   02050   02049   02048   02047   02047   02048   02047
02045   02045   02043   02045   02044   02044   02044   02044
02044   02043   02043   02043   02042   02044   02041   02031
02041   02042   02042   02039   02041   02042   02043   02042
02043   02043   02043   02044   02043   02044   02045   02045
02045   02046   02046   02048   02048   02046   02048   02048
02049   02049   02050   02051   02051   02052   02052   02053
02052   02054   02054   02054   02054   02056   02056   02056
02056   02057   02056   02057   02057   02058   02058   02058
02058   02058   02058   02058   02058   02058   02057   02057
02057   02057   02057   02057   02057   02056   02056   02056
02056   02055   02055   02054   02054   02054   02052   02053
02052   02052   02050   02049   02050   02045   02048   02048
02046   02033   02046   02046   02044   02047   02045   02044
02044   02044   02043   02044   02043   02042   02042   02042
02041   02042   02042   02041   02042   02042   02042   02042
02042   02045   02041   02044   02043   02044   02044   02044
02044   02046   02044   02046   02046   02046   02046   02046
02047   02047   02048   02049   02049   02050   02050   02050
02050   02050   02053   02052   02052   02054   02054   02051
02054   02056   02057   02042   02056   02056   02056   02058
02058   02057   02058   02058   02058   02058   02059   02058
02058   02058   02057   02057   02058   02057   02057   02055
02057   02056   02056   02056   02058   02057   02054   02045
02054   02053   02053   02051   02054   02052   02051   02050
02049   02049   02049   02049   02048   02045   02047   02046
02045   02045   02046   02045   02045   02044   02044   02044
02043   02042   02042   02042   02042   02042   02043   02042
02041   02042   02042   02040   02042   02043   02043   02043
02042   02044   02044   02043   02044   02043   02044   02045
02045   02045   02045   02047   02047   02055   02048   02048
02049   02050   02050   02050   02050   02052   02052   02053
02053   02052   02054   02054   02055   02055   02056   02056
02056   02057   02056   02057   02057   02058   02059   02058
02058   02058   02058   02060   02057   02057   02059   02058
02057   02057   02057   02057   02056   02056   02056   02056
02056   02056   02057   02053   02054   02053   02053   02053
02052   02053   02052   02049   02050   02050   02049   02049
02048   02047   02046   02046   02046   02045   02045   02045
02043   02043   02044   02044   02043   02043   02042   02042
02042   02041   02043   02040   02042   02042   02042   02042
02042   02020   02040   02043   02043   02043   02046   02044
02044   02044   02045   02044   02046   02045   02047   02047
02047   02048   02045   02048   02050   02050   02050   02050
02052   02052   02053   02052   02052   02053   02055   02053
02055   02055   02055   02055   02056   02057   02058   02058
02057   02057   02058   02059   02055   02058   02058   02058
02058   02057   02058   02058   02057   02057   02057   02056
02056   02056   02056   02033   02056   02054   02055   02053
02054   02053   02054   02052   02051   02051   02051   02051
02051   02050   02049   02048   02049   02047   02047   02046
02046   02045   02045   02043   02044   02043   02044   02044
02043   02043   02043   02042   02043   02043   02042   02042
02043   02042   02042   02042   02042   02042   02042   02043
02043   02042   02042   02044   02045   02044   02044   02044
02046   02046   02046   02047   02047   02024   02048   02048
02049   02047   02050   02051   02051   02045   02052   02051
02053   02054   02054   02054   02055   02055   02055   02056
02056   02056   02057   02056   02057   02058   02057   02059
02058   02057   02057   02058   02058   02058   02058   02057
02058   02055   02057   02058   02056   02055   02056   02056
02054   02055   02057   02054   02053   02053   02052   02052
02052   02046   02051   02050   02050   02050   02049   02048
02048   02047   02047   02046   02055   02044   02044   02044
02044   02044   02043   02044   02044   02042   02042   02042
02042   02042   02042   02042   02042   02042   02042   02042
02042   02042   02043   02042   02043   02044   02044   02043
02043   02045   02045   02045   02046   02048   02046   02049
02048   02047   02050   02048   02050   02049   02050   02051
02052   02052   02052   02052   02054   02054   02054   02055
02055   02056   02056   02056   02056   02056   02056   02057
02058   02058   02058   02057   02056   02057   02058   02058
02057   02056   02057   02057   02057   02057   02057   02057
02057   02057   02055   02055   02055   02054   02054   02053
02054   02053   02053   02052   02052   02052   02051   02051
02050   02050   02049   02048   02048   02048   02047   02046
02047   02045   02045   02045   02045   02044   02043   02043
02043   02043   02042   02042   02042   02043   02042   02042
02041   02042   02042   02042   02042   02042   02042   02041
02043   02044   02045   02044   02044   02044   02046   02046
02045   02046   02046   02046   02048   02044   02048   02049
02049   02020   02050   02051   02051   02052   02052   02052
02053   02053   02054   02054   02054   02055   02056   02056
02056   02056   02056   02058   02057   02058   02064   02058
02058   02058   02058   02058   02058   02055   02057   02058
02058   02057   02055   02056   02056   02056   02056   02056
02055   02053   02055   02054   02052   02053   02053   02052
02052   02052   02051   02051   02050   02050   02049   02050
02048   02048   02047   02046   02046   02046   02044   02044
02045   02044   02044   02044   02043   02042   02042   02042
02038   02042   02043   02042   02028   02042   02042   02047
02044   02043   02043   02042   02042   02042   02043   02044
02044   02045   02044   02040   02046   02046   02047   02047
02048   02048   02048   02049   02049   02050   02050   02050
02051   02051   02052   02053   02052   02053   02054   02054
02055   02055   02056   02056   02058   02057   02057   02057
02057   02057   02058   02058   02059   02058   02058   02058
02058   02058   02058   02057   02058   02057   02056   02056
02057   02056   02056   02055   02056   02055   02055   02054
02056   02053   02052   02052   02052   02051   02050   02050
02050   02050   02047   02047   02049   02047   02047   02046
02046   02045   02045   02044   02044   02044   02044   02044
02042   02042   02042   02043   02042   02043   02042   02043
02042   02042   02042   02042   02043   02042   02043   02043
02043   02044   02043   02044   02044   02044   02045   02044
02045   02045   02046   02047   02047   02048   02048   02051]

b = reshape(a',1,1000)
b = b-2048
c = 0:999
plot (c,b)



