a=[02046   02046   02046   02046   02047   02046   02047   02047
02047   02047   02048   02048   02048   02047   02048   02048
02049   02049   02047   02049   02049   02049   02049   02049
02049   02049   02047   02051   02050   02051   02051   02051
02051   02052   02051   02050   02052   02051   02052   02052
02052   02052   02053   02053   02053   02054   02053   02053
02054   02054   02054   02054   02054   02055   02054   02054
02054   02054   02055   02055   02056   02056   02055   02055
02056   02056   02055   02057   02056   02057   02057   02057
02057   02057   02056   02058   02058   02058   02058   02058
02058   02058   02042   02058   02058   02059   02059   02059
02058   02059   02057   02060   02060   02060   02060   02060
02061   02061   02027   02061   02062   02061   02062   02062
02061   02062   02060   02062   02062   02062   02063   02063
02062   02063   02056   02064   02062   02063   02064   02064
02064   02065   02062   02065   02064   02065   02064   02071
02065   02065   02048   02065   02066   02065   02065   02067
02062   02065   02064   02066   02066   02066   02066   02067
02067   02067   02050   02068   02066   02073   02067   02068
02068   02068   02064   02069   02068   02069   02067   02068
02069   02072   02067   02069   02069   02070   02069   02069
02070   02069   02070   02070   02070   02070   02070   02070
02070   02071   02070   02071   02069   02070   02071   02071
02070   02071   02071   02072   02071   02071   02070   02072
02071   02072   02071   02072   02071   02072   02072   02072
02072   02072   02074   02072   02072   02072   02072   02073
02072   02073   02072   02072   02073   02072   02073   02072
02072   02073   02073   02072   02073   02073   02073   02073
02072   02072   02073   02073   02073   02073   02073   02073
02073   02076   02074   02074   02074   02074   02074   02074
02075   02081   02074   02073   02074   02073   02073   02074
02074   02075   02074   02074   02073   02074   02074   02074
02074   02074   02074   02074   02074   02074   02077   02074
02074   02074   02074   02074   02074   02074   02074   02074
02074   02074   02074   02075   02075   02074   02073   02075
02074   02074   02073   02073   02075   02074   02074   02074
02074   02074   02074   02073   02074   02074   02073   02074
02073   02073   02073   02074   02073   02074   02073   02074
02073   02074   02071   02074   02073   02072   02074   02073
02073   02074   02073   02070   02074   02072   02073   02073
02073   02072   02073   02060   02073   02072   02073   02073
02073   02073   02072   02068   02073   02072   02071   02072
02072   02073   02072   02066   02072   02072   02071   02072
02072   02072   02071   02067   02072   02072   02070   02071
02071   02071   02072   02059   02070   02070   02071   02070
02071   02070   02070   02066   02071   02070   02070   02070
02070   02069   02068   02056   02070   02070   02069   02070
02069   02070   02069   02065   02069   02066   02069   02068
02069   02069   02069   02054   02068   02068   02069   02068
02068   02068   02068   02066   02066   02067   02067   02067
02067   02066   02066   02067   02065   02068   02066   02067
02066   02066   02066   02066   02066   02065   02066   02065
02065   02065   02064   02065   02065   02064   02064   02064
02064   02065   02064   02064   02064   02066   02064   02064
02063   02063   02063   02063   02064   02063   02062   02063
02063   02063   02063   02062   02063   02064   02062   02062
02062   02059   02064   02062   02060   02061   02062   02060
02061   02060   02061   02061   02059   02060   02060   02059
02060   02060   02059   02060   02059   02059   02059   02059
02059   02058   02059   02058   02058   02059   02058   02057
02058   02058   02057   02057   02056   02058   02051   02056
02057   02057   02057   02057   02056   02056   02056   02056
02055   02055   02056   02056   02055   02054   02055   02054
02054   02055   02054   02054   02054   02053   02053   02053
02053   02058   02053   02053   02052   02053   02053   02052
02052   02053   02049   02052   02051   02051   02051   02051
02050   02051   02051   02050   02050   02049   02051   02050
02049   02050   02049   02049   02049   02048   02049   02048
02048   02048   02048   02048   02047   02048   02047   02047
02047   02047   02046   02046   02046   02047   02047   02046
02046   02046   02046   02045   02046   02045   02045   02044
02044   02044   02044   02044   02044   02043   02044   02047
02044   02044   02043   02043   02042   02041   02042   02042
02043   02041   02042   02042   02041   02041   02041   02041
02041   02040   02041   02040   02040   02041   02040   02040
02040   02040   02041   02040   02040   02039   02038   02038
02038   02038   02038   02038   02038   02037   02038   02038
02035   02038   02037   02037   02037   02037   02036   02036
02036   02036   02036   02036   02036   02035   02035   02035
02035   02035   02036   02034   02035   02036   02035   02033
02034   02034   02034   02034   02034   02034   02034   02034
02034   02033   02033   02033   02033   02034   02032   02033
02033   02033   02033   02032   02032   02033   02032   02033
02032   02031   02031   02032   02032   02039   02030   02031
02031   02031   02031   02031   02031   02030   02031   02030
02031   02031   02031   02031   02030   02030   02027   02032
02029   02030   02030   02030   02029   02030   02030   02029
02030   02028   02028   02029   02030   02029   02029   02029
02029   02028   02029   02028   02028   02028   02028   02028
02028   02028   02028   02028   02028   02031   02027   02028
02028   02027   02028   02028   02028   02027   02027   02027
02027   02027   02027   02027   02027   02027   02027   02024
02028   02027   02027   02025   02033   02027   02028   02027
02026   02026   02027   02027   02026   02026   02026   02027
02027   02026   02026   02026   02027   02027   02026   02027
02026   02026   02027   02027   02027   02026   02026   02027
02026   02026   02028   02026   02026   02027   02027   02024
02026   02027   02026   02027   02027   02027   02025   02026
02027   02027   02027   02027   02027   02026   02026   02028
02026   02024   02027   02027   02028   02027   02026   02027
02027   02027   02027   02027   02028   02027   02028   02026
02027   02028   02027   02028   02027   02027   02027   02027
02028   02027   02028   02028   02028   02028   02028   02028
02028   02028   02028   02029   02029   02028   02028   02028
02029   02029   02029   02029   02029   02030   02028   02029
02028   02029   02029   02029   02029   02029   02029   02029
02029   02029   02029   02030   02029   02030   02029   02030
02030   02030   02030   02030   02030   02030   02031   02030
02031   02032   02030   02032   02031   02032   02031   02031
02032   02030   02031   02031   02032   02032   02032   02032
02031   02032   02031   02034   02033   02032   02032   02033
02032   02033   02032   02032   02033   02033   02033   02033
02033   02034   02033   02033   02033   02033   02034   02033
02034   02034   02034   02034   02034   02034   02035   02035
02035   02035   02036   02035   02035   02035   02036   02035
02036   02036   02036   02035   02036   02036   02036   02036
02036   02036   02036   02037   02036   02037   02037   02037
02037   02038   02038   02038   02038   02038   02038   02038
02038   02039   02039   02036   02039   02039   02039   02040
02040   02040   02039   02039   02040   02040   02040   02040
02040   02040   02042   02040   02042   02041   02041   02041
02042   02042   02042   02042   02043   02042   02043   02042
02042   02043   02043   02043   02042   02053   02043   02043
02044   02044   02044   02044   02044   02044   02044   02045
02045   02046   02046   02045   02045   02045   02046   02046
02046   02046   02046   02046   02047   02046   02044   02046
02047   02047   02047   02048   02048   02046   02048   02048
02048   02048   02049   02049   02050   02049   02049   02050
02049   02050   02050   02051   02050   02051   02050   02050
02051   02052   02051   02052   02051   02051   02051   02052
02052   02052   02051   02053   02046   02054   02052   02053
02052   02053   02051   02053   02054   02055   02054   02054
02055   02055   02051   02055   02056   02055   02056   02056
02056   02060   02055   02056   02056   02057   02057   02056
02056   02057   02053   02057   02058   02058   02057   02059
02059   02059   02052   02059   02058   02060   02059   02059
02059   02060   02056   02059   02060   02061   02059   02061
02061   02061   02048   02061   02060   02061   02062   02062
02062   02061   02057   02062   02062   02062   02061   02062
02062   02063   02032   02063   02064   02064   02065   02065
02064   02064   02058   02064   02064   02064   02064   02065
02065   02065   02034   02066   02066   02066   02067   02066
02066   02065   02062   02064   02066   02067   02066   02067
02066   02066   02067   02068   02067   02066   02067   02067
02067   02067   02068   02068   02067   02067   02069   02070
02068   02068   02068   02069   02069   02069   02069   02069
02071   02069   02069   02070   02070   02069   02071   02070
02070   02070   02073   02070   02070   02070   02080   02071
02070   02071   02071   02070   02070   02071   02072   02072
02071   02071   02065   02070   02071   02071   02072   02071
02072   02072   02070   02072   02072   02072   02073   02072
02072   02072   02072   02072   02072   02072   02072   02072
02073   02073   02072   02073   02073   02072   02073   02073
02072   02072   02073   02073   02070   02073   02071   02073
02074   02074   02074   02074   02073   02074   02074   02074
02074   02072   02076   02074   02074   02074   02058   02074
02074   02073   02074   02074   02075   02074   02074   02074
02074   02073   02074   02074   02074   02073   02075   02074
02074   02074   02074   02074   02074   02074   02075   02074
02074   02074   02075   02074   02073   02075   02074   02074
02073   02073   02074   02074   02074   02073   02074   02073
02074   02074   02072   02073   02074   02074   02074   02074
02074   02074   02073   02074   02074   02074   02072   02073
02074   02073   02074   02073   02073   02073   02074   02073
02074   02087   02072   02073   02074   02073   02073   02073
02072   02073   02073   02073   02072   02073   02072   02072
02072   02072   02070   02073   02072   02072   02072   02072
02072   02072   02073   02071   02072   02071   02072   02072
02071   02070   02072   02072   02071   02072   02070   02071
02071   02071   02070   02071   02071   02072   02070   02070
02070   02072   02070   02070   02069   02070   02069   02069
02069   02070   02070   02070   02069   02070   02070   02069
02070   02068   02069   02069   02068   02069   02068   02068
02069   02068   02067   02068   02068   02068   02068   02068
02068   02068   02067   02067   02067   02068   02067   02066
02068   02066   02067   02067   02067   02066   02066   02067
02066   02066   02065   02066   02065   02066   02065   02065
02066   02066   02065   02065   02066   02064   02064   02065
02064   02064   02064   02065   02064   02064   02063   02064
02064   02064   02063   02063   02063   02063   02059   02063
02062   02063   02062   02063   02063   02064   02061   02062
02060   02061   02062   02061   02061   02061   02056   02060
02060   02060   02061   02060   02068   02060   02052   02060
02060   02060   02059   02059   02064   02059   02055   02059
02058   02059   02058   02058   02058   02057   02043   02058
02058   02057   02057   02057   02057   02057   02059   02056
02056   02056   02056   02056   02056   02056   02029   02055
02054   02056   02055   02054   02054   02054   02050   02055
02054   02054   02054   02054   02053   02054   02023   02053
02054   02053   02053   02052   02052   02052   02048   02051
02052   02051   02050   02051   02051   02052   02022   02051
02050   02051   02050   02051   02050   02050   02050   02050
02049   02049   02049   02050   02048   02048   02048   02048
02048   02052   02048   02048   02048   02048   02046   02047
02047   02048   02040   02046   02046   02046   02045   02046
02046   02046   02045   02045   02045   02045   02045   02044
02044   02044   02044   02044   02043   02044   02044   02043
02043   02043   02043   02043   02042   02042   02042   02043
02042   02041   02042   02042   02040   02041   02041   02040
02041   02041   02040   02040   02039   02039   02040   02040
02040   02038   02039   02039   02039   02038   02038   02038
02038   02038   02039   02038   02038   02037   02037   02037
02037   02037   02035   02035   02037   02037   02037   02035
02036   02035   02036   02035   02035   02035   02037   02037
02035   02035   02035   02036   02034   02035   02034   02033
02034   02034   02034   02033   02034   02035   02034   02033
02033   02035   02033   02035   02032   02032   02033   02032
02032   02032   02032   02032   02032   02032   02032   02031
02032   02032   02032   02031   02032   02033   02031   02031
02031   02031   02031   02031   02031   02030   02008   02030
02030   02030   02029   02030   02030   02030   02027   02030
02029   02030   02030   02029   02029   02029   02027   02029
02029   02029   02029   02029   02030   02028   02027   02029
02029   02028   02029   02029   02027   02027   02027   02028
02029   02028   02022   02028   02028   02028   02030   02027
02028   02027   02028   02027   02028   02028   02027   02025
02029   02029   02027   02027   02028   02027   02027   02027
02027   02029   02026   02027   02027   02026   02027   02026
02027   02027   02027   02027   02011   02027   02027   02026
02027   02027   02027   02026   02027   02027   02026   02045
02027   02027   02026   02027   02027   02026   02026   02027
02026   02026   02026   02026   02027   02027   02026   02027
02027   02027   02027   02025   02027   02026   02027   02027
02026   02027   02027   02027   02026   02027   02027   02026
02027   02027   02027   02027   02026   02027   02027   02027
02027   02027   02027   02027   02027   02027   02027   02026
02027   02027   02027   02027   02027   02027   02027   02028
02027   02027   02027   02028   02027   02027   02028   02028
02028   02028   02029   02028   02028   02028   02028   02028
02028   02029   02027   02029   02029   02028   02029   02028
02032   02029   02029   02028   02028   02029   02030   02029
02030   02029   02029   02030   02029   02030   02030   02030
02030   02033   02017   02029   02030   02030   02031   02031
02030   02031   02027   02031   02030   02031   02031   02031
02031   02031   02001   02032   02032   02032   02032   02032
02032   02032   02028   02032   02032   02032   02032   02032
02033   02032   02003   02034   02032   02033   02032   02033
02034   02034   02030   02034   02034   02034   02033   02034
02034   02034   02006   02034   02034   02034   02035   02035
02035   02035   02035   02035   02035   02035   02036   02036
02036   02036   02035   02035   02035   02036   02036   02036
02036   02037   02037   02037   02037   02037   02036   02037
02037   02037   02039   02039   02037   02037   02039   02038
02038   02038   02039   02039   02039   02039   02039   02039
02039   02040   02040   02039   02040   02040   02040   02040
02040   02040   02041   02040   02041   02041   02042   02041
02041   02042   02042   02042   02040   02040   02042   02042
02043   02043   02043   02043   02043   02043   02043   02044
02044   02043   02044   02044   02043   02044   02045   02044
02044   02044   02045   02045   02045   02046   02046   02046]

b = reshape(a',1,2000)
b = b-2048
c = 0:1999
plot (c,b)


