a=[02035   02035   02036   02035   02036   02036   02036   02035
02036   02036   02037   02036   02037   02037   02038   02037
02037   02037   02038   02038   02038   02038   02038   02038
02038   02038   02039   02039   02039   02039   02039   02039
02039   02039   02040   02040   02039   02040   02041   02041
02040   02041   02041   02041   02041   02042   02042   02042
02042   02042   02043   02043   02042   02043   02043   02043
02043   02043   02044   02044   02044   02044   02044   02044
02044   02044   02046   02044   02045   02045   02046   02046
02046   02046   02046   02033   02047   02046   02046   02047
02046   02047   02048   02044   02047   02046   02048   02048
02049   02048   02048   02038   02049   02050   02050   02049
02049   02050   02050   02046   02050   02050   02050   02050
02051   02050   02047   02037   02052   02050   02052   02051
02051   02052   02052   02047   02053   02054   02053   02052
02052   02053   02053   02039   02054   02052   02054   02054
02054   02055   02054   02054   02054   02055   02055   02054
02055   02055   02055   02055   02055   02055   02058   02056
02054   02055   02056   02055   02056   02056   02057   02057
02056   02056   02058   02059   02058   02057   02058   02058
02058   02059   02059   02059   02056   02058   02059   02058
02058   02058   02059   02058   02058   02059   02059   02057
02059   02058   02059   02059   02059   02059   02059   02059
02059   02059   02059   02059   02060   02060   02060   02060
02060   02059   02063   02061   02058   02060   02061   02060
02061   02062   02061   02061   02061   02061   02061   02062
02061   02062   02062   02062   02062   02062   02059   02061
02060   02061   02061   02062   02061   02061   02062   02062
02062   02061   02062   02062   02063   02062   02059   02062
02062   02062   02062   02062   02063   02062   02063   02063
02062   02062   02061   02062   02062   02062   02059   02064
02062   02062   02063   02064   02061   02062   02059   02063
02062   02063   02064   02064   02062   02062   02064   02062
02064   02062   02063   02062   02063   02062   02062   02062
02063   02062   02063   02038   02064   02062   02064   02062
02062   02063   02062   02062   02062   02065   02061   02062
02062   02063   02062   02059   02062   02063   02062   02061
02062   02062   02062   02062   02062   02062   02061   02062
02061   02061   02063   02059   02062   02061   02059   02060
02062   02064   02061   02062   02061   02062   02061   02061
02058   02062   02063   02059   02062   02061   02061   02060
02061   02061   02061   02059   02061   02061   02060   02060
02060   02060   02061   02059   02061   02060   02060   02060
02060   02060   02061   02059   02060   02060   02060   02060
02060   02059   02059   02059   02060   02059   02059   02058
02059   02060   02058   02059   02059   02059   02058   02058
02059   02058   02058   02059   02058   02058   02058   02058
02058   02058   02057   02058   02057   02057   02057   02058
02057   02056   02057   02057   02056   02056   02056   02057
02056   02053   02056   02057   02056   02056   02056   02056
02056   02056   02056   02055   02054   02054   02056   02055
02054   02054   02055   02055   02054   02054   02054   02054
02054   02053   02054   02054   02053   02053   02053   02053
02053   02052   02052   02053   02053   02053   02052   02052
02053   02052   02052   02052   02052   02052   02051   02051
02050   02051   02051   02052   02050   02048   02050   02051
02050   02050   02050   02051   02050   02051   02050   02050
02050   02049   02049   02050   02049   02048   02049   02049
02049   02048   02049   02049   02048   02048   02047   02047
02048   02049   02046   02047   02046   02047   02046   02047
02046   02046   02045   02046   02045   02049   02045   02045
02045   02047   02052   02045   02045   02044   02045   02044
02044   02046   02043   02043   02043   02043   02029   02043
02042   02043   02042   02043   02043   02042   02042   02042
02042   02042   02041   02041   02041   02041   02042   02041
02041   02040   02040   02040   02041   02039   02039   02040
02039   02039   02039   02039   02039   02038   02038   02038
02038   02038   02038   02038   02038   02038   02037   02039
02038   02037   02037   02035   02036   02037   02038   02036
02035   02035   02035   02034   02035   02035   02034   02034
02034   02034   02035   02033   02033   02034   02035   02034
02033   02033   02034   02034   02033   02033   02032   02032
02033   02032   02032   02031   02031   02030   02031   02031
02031   02026   02031   02030   02030   02030   02030   02030
02030   02030   02029   02028   02028   02030   02028   02028
02029   02028   02028   02028   02028   02028   02029   02028
02027   02027   02027   02027   02027   02026   02027   02026
02023   02026   02027   02026   02026   02026   02026   02025
02026   02025   02025   02024   02025   02025   02025   02024
02024   02025   02024   02023   02024   02023   02024   02023
02022   02023   02023   02022   02024   02023   02021   02022
02022   02022   02022   02021   02020   02022   02020   02022
02021   02021   02021   02021   02020   02021   02021   02021
02021   02019   02020   02020   02020   02020   02021   02020
02019   02020   02018   02019   02019   02020   02019   02019
02019   02019   02020   02018   02018   02018   02018   02018
02019   02018   02018   02018   02019   02019   02018   02019
02017   02018   02017   02018   02018   02017   02017   02017
02017   02018   02018   02017   02017   02017   02018   02017
02017   02018   02017   02017   02017   02017   02017   02017
02016   02016   02016   02016   02016   02016   02017   02016
02014   02016   02017   02016   02016   02016   02016   02016
02016   02016   02016   02016   02016   02016   02016   02016
02015   02016   02016   02016   02016   02016   02016   02016
02016   02016   02016   02016   02014   02016   02014   02016
02015   02015   02016   02015   02015   02016   02015   02016
02014   02016   02016   02016   02015   02016   02014   02015
02016   02015   02016   02016   02016   02016   02015   02016
02015   02016   02017   02016   02018   02016   02016   02017
02014   02016   02015   02016   02016   02015   02016   02016
02016   02016   02017   02018   02015   02016   02016   02015
02016   02016   02016   02016   02016   02017   02017   02014
02016   02016   02016   02016   02016   02016   02016   02016
02016   02016   02017   02017   02016   02016   02019   02017
02019   02018   02017   02018   02017   02018   02018   02017
02017   02018   02018   02019   02019   02018   02018   02017
02018   02019   02019   02017   02019   02018   02018   02019
02019   02018   02019   02020   02019   02021   02019   02019
02018   02019   02020   02020   02019   02019   02019   02020
02020   02021   02020   02020   02021   02020   02022   02021
02021   02020   02021   02021   02021   02021   02021   02021
02021   02021   02022   02020   02021   02021   02021   02022
02023   02022   02022   02022   02021   02022   02023   02022
02022   02023   02021   02024   02022   02023   02022   02022
02024   02024   02024   02023   02024   02024   02024   02024
02024   02024   02024   02025   02025   02024   02025   02025
02026   02025   02026   02025   02026   02026   02026   02027
02026   02026   02027   02027   02026   02027   02025   02027
02027   02028   02028   02026   02028   02028   02026   02028
02028   02028   02028   02028   02028   02028   02029   02028
02029   02029   02029   02029   02030   02030   02029   02029
02031   02030   02030   02030   02030   02032   02032   02032
02031   02031   02031   02032   02032   02032   02032   02032
02031   02032   02034   02034   02034   02033   02033   02033
02033   02033   02032   02034   02033   02034   02035   02034
02034   02034   02033   02035   02035   02036   02035   02035
02036   02035   02036   02036   02036   02036   02036   02036
02037   02037   02037   02038   02036   02037   02038   02037
02038   02038   02038   02040   02038   02039   02038   02040
02039   02040   02040   02040   02040   02040   02040   02040
02040   02040   02040   02041   02040   02040   02041   02041
02041   02042   02042   02042   02042   02043   02042   02044
02042   02042   02045   02043   02043   02044   02044   02044
02045   02044   02045   02044   02045   02044   02045   02045
02045   02045   02046   02041   02046   02045   02046   02046
02046   02046   02047   02046   02047   02047   02047   02047
02048   02048   02048   02049   02048   02049   02049   02050
02049   02049   02049   02049   02049   02049   02050   02050
02050   02049   02050   02050   02050   02051   02051   02050
02052   02052   02052   02052   02052   02052   02052   02053
02052   02051   02053   02053   02053   02052   02054   02053
02054   02054   02054   02054   02054   02053   02054   02054
02055   02054   02056   02055   02054   02056   02056   02056
02054   02056   02056   02056   02056   02056   02055   02056
02056   02056   02056   02057   02056   02057   02057   02057
02056   02057   02058   02057   02058   02057   02058   02058
02058   02058   02057   02058   02058   02060   02059   02060
02060   02059   02058   02058   02059   02059   02059   02058
02059   02059   02059   02060   02060   02060   02060   02060
02060   02060   02060   02060   02061   02060   02060   02060
02060   02060   02060   02060   02060   02061   02061   02061
02060   02061   02059   02064   02059   02062   02061   02061
02062   02062   02062   02062   02062   02062   02062   02062
02063   02061   02063   02062   02062   02059   02064   02062
02062   02062   02061   02062   02063   02062   02062   02062
02062   02063   02062   02063   02062   02063   02063   02064
02060   02062   02062   02063   02063   02063   02063   02063
02063   02063   02063   02062   02063   02062   02062   02062
02063   02061   02062   02063   02063   02062   02063   02062
02064   02062   02062   02063   02062   02062   02063   02062
02061   02063   02063   02063   02063   02063   02063   02063
02063   02062   02063   02063   02062   02062   02062   02063
02062   02059   02063   02061   02062   02062   02063   02062
02063   02062   02063   02063   02062   02062   02062   02062
02062   02062   02062   02062   02061   02062   02062   02062
02061   02061   02062   02062   02061   02062   02061   02062
02062   02061   02062   02063   02062   02061   02061   02061
02061   02061   02062   02061   02060   02060   02061   02060
02061   02060   02060   02060   02059   02060   02060   02062
02060   02059   02060   02059   02059   02059   02060   02059
02060   02059   02059   02059   02058   02058   02058   02058
02058   02058   02058   02059   02058   02057   02058   02058
02058   02058   02057   02057   02057   02057   02057   02057
02056   02057   02057   02056   02057   02057   02056   02056
02056   02056   02056   02056   02056   02056   02056   02056
02056   02056   02055   02056   02055   02055   02055   02056
02055   02055   02054   02056   02053   02054   02053   02054
02051   02054   02053   02054   02055   02053   02053   02054
02052   02052   02052   02052   02052   02053   02052   02053
02052   02053   02052   02052   02052   02052   02052   02052
02051   02051   02052   02051   02050   02050   02050   02051
02050   02050   02052   02048   02049   02050   02050   02049
02049   02049   02050   02048   02050   02049   02049   02048
02048   02048   02048   02048   02048   02047   02049   02047
02048   02047   02047   02056   02048   02045   02045   02046
02046   02046   02046   02046   02046   02046   02046   02046
02044   02045   02045   02045   02045   02045   02044   02044
02043   02044   02044   02043   02044   02044   02043   02043
02042   02043   02042   02042   02042   02042   02041   02042
02042   02041   02041   02041   02041   02041   02040   02040
02040   02041   02039   02040   02040   02039   02041   02042
02040   02039   02040   02038   02039   02038   02038   02037
02038   02038   02037   02037   02038   02037   02036   02036
02037   02036   02036   02036   02036   02036   02035   02036
02035   02035   02035   02034   02035   02034   02035   02034
02035   02033   02033   02033   02033   02033   02033   02033
02033   02033   02033   02032   02032   02032   02032   02032
02032   02032   02031   02032   02031   02032   02031   02031
02031   02030   02030   02031   02030   02031   02029   02029
02029   02029   02030   02029   02030   02029   02032   02028
02028   02029   02029   02028   02028   02028   02028   02027
02025   02027   02027   02026   02027   02026   02026   02026
02026   02026   02026   02025   02025   02025   02026   02026
02025   02026   02024   02024   02025   02025   02025   02024
02025   02023   02023   02023   02024   02022   02026   02023
02024   02022   02023   02022   02022   02022   02022   02023
02022   02022   02023   02021   02022   02022   02022   02022
02022   02021   02022   02022   02021   02021   02021   02020
02019   02020   02020   02015   02019   02019   02020   02021
02018   02019   02019   02019   02019   02019   02019   02019
02019   02019   02020   02019   02019   02018   02019   02019
02019   02019   02019   02018   02018   02019   02019   02018
02018   02025   02018   02018   02018   02018   02017   02018
02018   02018   02018   02018   02017   02018   02018   02022
02017   02017   02017   02015   02018   02018   02018   02017
02017   02016   02017   02016   02017   02017   02017   02018
02015   02016   02018   02016   02014   02015   02018   02016
02016   02016   02017   02016   02015   02011   02016   02016
02016   02014   02015   02015   02016   02016   02016   02016
02015   02016   02016   02015   02015   02014   02015   02016
02016   02016   02015   02016   02015   02015   02015   02016
02017   02015   02015   02016   02016   02016   02016   02015
02015   02016   02016   02015   02015   02024   02016   02015
02015   02016   02016   02016   02016   02017   02016   02016
02015   02016   02016   02016   02016   02016   02016   02016
02016   02016   02016   02016   02016   02016   02016   02016
02016   02016   02016   02016   02016   02017   02016   02016
02016   02016   02016   02016   02017   02017   02016   02016
02017   02017   02017   02017   02016   02017   02017   02017
02016   02017   02017   02017   02017   02017   02017   02018
02018   02018   02019   02017   02017   02018   02018   02018
02018   02018   02018   02018   02018   02018   02018   02018
02018   02019   02019   02018   02019   02019   02019   02019
02019   02019   02019   02019   02020   02020   02020   02020
02020   02020   02020   02020   02018   02020   02020   02021
02020   02021   02021   02021   02021   02021   02021   02021
02021   02022   02022   02022   02021   02021   02021   02022
02022   02021   02023   02022   02022   02023   02022   02024
02024   02022   02022   02024   02024   02024   02024   02024
02024   02024   02025   02024   02023   02024   02024   02024
02025   02024   02024   02025   02025   02025   02025   02026
02025   02026   02025   02026   02026   02026   02026   02026
02026   02026   02026   02026   02026   02027   02026   02028
02025   02027   02026   02028   02028   02028   02028   02028
02028   02028   02029   02029   02029   02029   02029   02028
02029   02029   02029   02029   02030   02029   02030   02030
02029   02031   02030   02031   02032   02030   02032   02030
02031   02031   02032   02032   02032   02033   02032   02032
02032   02032   02032   02033   02032   02033   02033   02034
02033   02033   02033   02033   02034   02034   02034   02034]

b = reshape(a',1,2000)
b = b-2048
c = 0:1999
plot (c,b)
